722045 -7019 -9582 -691711 0 0 0
722045 -7019 -9582 -691711 0 0 0
722045 -7019 -9582 -691711 0 0 0
722045 -7019 -9582 -691711 0 0 0
722045 -7019 -9582 -691711 0 0 0
722045 -7019 -9582 -691711 0 0 0
722045 -7019 -9582 -691711 0 0 0
722045 -7019 -9582 -691711 0 0 0
722045 -7019 -9582 -691711 0 0 0
722045 -7080 -9582 -691711 0 0 0
722045 -7080 -9582 -691711 0 0 0
722045 -7080 -9582 -691711 0 0 0
722045 -7141 -9521 -691711 0 0 0
722045 -7080 -9582 -691711 0 0 0
722045 -7080 -9582 -691711 0 0 0
722045 -7080 -9582 -691711 0 0 0
722045 -7019 -9521 -691711 0 0 0
718811 -7202 -9521 -695068 0 0 0
712829 -7812 -9521 -701232 0 0 0
712768 -8972 -32287 -700622 0 0 0
709655 -10620 -53161 -702453 0 0 0
705871 1159 -65612 -705261 0 0 0
700195 8850 -61645 -711181 0 0 0
697448 4333 -56457 -714355 0 0 0
704528 1770 -42724 -708374 0 0 0
720031 -11047 -36254 -692932 0 0 0
730712 -13732 -23986 -682128 0 0 0
742492 -20996 -10498 -669433 0 0 0
751464 -30639 4638 -659057 0 0 0
765930 -28930 16662 -642089 0 0 0
770446 -50476 14038 -635314 0 0 0
771606 -47485 33752 -633422 0 0 0
781982 -68847 40954 -618164 0 0 0
782592 -78735 39245 -616272 0 0 0
790710 -84533 40405 -604980 0 0 0
796752 -71350 48950 -598022 0 0 0
801391 -69763 39733 -592712 0 0 0
799255 -66101 48156 -595397 0 0 0
789306 -73547 47485 -607727 0 0 0
779785 -77819 50048 -619140 0 0 0
767395 -88623 51513 -632873 0 0 0
758972 -88134 59692 -642334 0 0 0
749877 -90576 60363 -652587 0 0 0
743164 -87585 60058 -660644 0 0 0
740844 -83557 51452 -664428 0 0 0
741882 -72692 45043 -665039 0 0 0
745788 -67016 33813 -661926 0 0 0
751342 -63598 28381 -656188 0 0 0
759094 -62072 23681 -647522 0 0 0
765319 -64086 15258 -640258 0 0 0
776367 -64697 4638 -626953 0 0 0
782409 -70312 -2807 -618774 0 0 0
791748 -75073 -6347 -606201 0 0 0
798950 -87402 -5737 -594970 0 0 0
806823 -94116 -8666 -583190 0 0 0
811767 -98693 -10803 -575439 0 0 0
816955 -99609 -11108 -567932 0 0 0
822326 -102355 -9277 -559631 0 0 0
828002 -105834 -10559 -550598 0 0 0
831298 -102661 -6896 -546203 0 0 0
836853 -101196 -1770 -538024 0 0 0
841430 -98144 7934 -531311 0 0 0
846618 -94482 18676 -523437 0 0 0
852600 -90148 30151 -513793 0 0 0
855346 -92895 41870 -507995 0 0 0
859313 -93750 50964 -500244 0 0 0
864318 -92712 57983 -490966 0 0 0
866088 -94360 65063 -486572 0 0 0
873840 -110473 62316 -469299 0 0 0
873413 -120483 70251 -466613 0 0 0
875610 -125671 86547 -458251 0 0 0
880249 -123046 88073 -449707 0 0 0
885070 -110717 74951 -445800 0 0 0
888610 -117980 66345 -438293 0 0 0
892395 -117919 64208 -430847 0 0 0
899047 -116638 58227 -418029 0 0 0
903015 -112304 53283 -411254 0 0 0
913818 -105041 43212 -389892 0 0 0
918762 -90759 46508 -381408 0 0 0
924255 -93200 38574 -368225 0 0 0
928772 -92895 32775 -357238 0 0 0
932800 -95764 30883 -346008 0 0 0
937744 -92651 32104 -333190 0 0 0
942138 -90698 37109 -320617 0 0 0
945495 -87341 44250 -310607 0 0 0
945800 -83129 58410 -308532 0 0 0
947082 -83251 64636 -303283 0 0 0
945373 -90881 66406 -305969 0 0 0
939880 -106567 72631 -316223 0 0 0
933166 -117919 73913 -331481 0 0 0
923034 -139465 76599 -350219 0 0 0
914001 -144104 72082 -372375 0 0 0
899475 -151428 66345 -404479 0 0 0
885681 -152038 66101 -433715 0 0 0
873168 -152709 65063 -458251 0 0 0
865112 -150024 64880 -474182 0 0 0
857238 -148071 67321 -488525 0 0 0
849609 -147766 67993 -501709 0 0 0
844177 -144714 70068 -511413 0 0 0
838439 -146362 70678 -520202 0 0 0
834045 -144653 75439 -527038 0 0 0
831543 -141845 77514 -531433 0 0 0
829040 -140625 80688 -535217 0 0 0
826293 -138549 83068 -539611 0 0 0
823730 -130371 84228 -543396 0 0 0
820312 -136901 85693 -548584 0 0 0
817504 -134826 86303 -553283 0 0 0
811523 -131042 87890 -562561 0 0 0
805786 -128173 91735 -570861 0 0 0
795410 -132568 92468 -584106 0 0 0
789917 -134704 86608 -591918 0 0 0
784301 -125000 86547 -601440 0 0 0
779724 -126892 81176 -607727 0 0 0
772644 -124877 77331 -617614 0 0 0
766418 -117309 71044 -627563 0 0 0
764221 -107238 60485 -633117 0 0 0
755432 -99609 54321 -645324 0 0 0
752502 -78735 43884 -652404 0 0 0
747192 -68908 38757 -659851 0 0 0
745178 -70129 32104 -662414 0 0 0
738464 -65612 33386 -670288 0 0 0
739196 -70434 28930 -669189 0 0 0
743042 -68359 22033 -665405 0 0 0
739074 -66894 28686 -669677 0 0 0
737731 -72326 27221 -670654 0 0 0
734252 -64575 36621 -674804 0 0 0
732971 -66528 33142 -676208 0 0 0
735900 -71105 29663 -672729 0 0 0
730896 -69091 32897 -678222 0 0 0
729553 -72204 28381 -679504 0 0 0
725280 -69702 25634 -684448 0 0 0
-1281860 -71533 18798 -691955 0 0 0
711303 -68481 8544 -699462 0 0 0
706481 -69763 1342 -704284 0 0 0
700256 -67871 -11474 -710571 0 0 0
691650 -68298 -25329 -718566 0 0 0
684326 -66894 -39916 -725036 0 0 0
681640 -65979 -50292 -726989 0 0 0
683044 -65490 -58410 -725097 0 0 0
690307 -70861 -74218 -716186 0 0 0
693725 -68298 -77209 -712829 0 0 0
695861 -65368 -70983 -711669 0 0 0
711059 -70495 -77148 -695312 0 0 0
729492 -66467 -88134 -675048 0 0 0
738220 -62561 -85266 -666259 0 0 0
747253 -68603 -87646 -655151 0 0 0
753479 -68237 -87280 -648071 0 0 0
757812 -71411 -89538 -642395 0 0 0
761230 -73181 -91125 -637878 0 0 0
763916 -75561 -92285 -634155 0 0 0
765197 -78125 -90087 -632629 0 0 0
765869 -84350 -92590 -630676 0 0 0
768432 -90332 -98449 -625854 0 0 0
771240 -96252 -102416 -620849 0 0 0
772949 -111938 -106201 -615356 0 0 0
775085 -116027 -108154 -611572 0 0 0
776245 -128112 -111328 -607177 0 0 0
778564 -140014 -114624 -600952 0 0 0
780456 -151367 -116333 -595336 0 0 0
780212 -172668 -118896 -589355 0 0 0
782348 -185546 -119323 -582458 0 0 0
787658 -194152 -116271 -573059 0 0 0
796447 -191406 -110168 -562927 0 0 0
808471 -189392 -99975 -548156 0 0 0
818481 -182739 -90637 -537109 0 0 0
830566 -169677 -74218 -525268 0 0 0
847290 -140747 -51269 -509582 0 0 0
865966 -114807 -24963 -486084 0 0 0
882019 -100952 -2380 -460266 0 0 0
897277 -87951 17883 -432189 0 0 0
910766 -74646 35766 -404541 0 0 0
923034 -65673 51330 -375549 0 0 0
930480 -61157 60852 -356018 0 0 0
937316 -66528 71777 -334533 0 0 0
943176 -66223 76660 -316406 0 0 0
947509 -60852 84350 -302307 0 0 0
-1049011 -53833 89904 -290893 0 0 0
953002 -55725 100097 -280395 0 0 0
956543 -52307 106994 -266052 0 0 0
959472 -50048 110046 -254516 0 0 0
962036 -47241 114746 -243103 0 0 0
963195 -54992 128112 -229675 0 0 0
966186 -60241 137329 -209716 0 0 0
970764 -58227 137817 -187683 0 0 0
974060 -61279 129577 -175109 0 0 0
977233 -67260 115112 -165222 0 0 0
978759 -75805 103576 -159973 0 0 0
980224 -84045 87280 -156311 0 0 0
981323 -86730 72998 -155273 0 0 0
981628 -85266 59509 -159973 0 0 0
979492 -87646 46264 -175476 0 0 0
976379 -81726 41076 -195678 0 0 0
971435 -74401 40893 -221679 0 0 0
965271 -69519 42968 -248046 0 0 0
955627 -66223 49987 -282653 0 0 0
943359 -62683 56396 -320800 0 0 0
931396 -58776 59814 -354309 0 0 0
914306 -55908 61584 -396362 0 0 0
896301 -55114 64575 -435180 0 0 0
875610 -59082 65734 -474792 0 0 0
853942 -62622 65734 -512329 0 0 0
832519 -63598 65490 -546447 0 0 0
812133 -64453 65185 -576232 0 0 0
789733 -66345 62377 -606689 0 0 0
769958 -63598 48706 -632995 0 0 0
749633 -65795 20629 -658264 0 0 0
737243 -65795 -10925 -672363 0 0 0
731628 -66406 -37292 -677429 0 0 0
729126 -86425 -58715 -676330 0 0 0
732910 -107238 -60485 -669128 0 0 0
744201 -112060 -43823 -656982 0 0 0
757385 -111267 -22460 -643066 0 0 0
770874 -113708 -2502 -626770 0 0 0
787536 -110595 7629 -606201 0 0 0
805786 -107177 7873 -582336 0 0 0
823974 -104492 -5493 -556823 0 0 0
832214 -105468 -21545 -543884 0 0 0
837951 -110046 -38269 -533203 0 0 0
839111 -113891 -55969 -528930 0 0 0
835510 -117370 -75500 -531494 0 0 0
828979 -122131 -90759 -538147 0 0 0
818298 -125793 -100036 -551818 0 0 0
808166 -129028 -105529 -564941 0 0 0
796020 -130004 -110534 -580749 0 0 0
782470 -131530 -115844 -597534 0 0 0
770568 -126342 -123474 -612426 0 0 0
759094 -121948 -132507 -625549 0 0 0
751892 -116760 -139465 -633667 0 0 0
743225 -110717 -146911 -643249 0 0 0
739868 -103332 -154296 -646606 0 0 0
740173 -94970 -162902 -645446 0 0 0
747253 -88134 -164062 -637939 0 0 0
759399 -80749 -159912 -625488 0 0 0
779235 -73181 -140991 -606262 0 0 0
800903 -69213 -125610 -581359 0 0 0
816772 -70068 -122558 -559387 0 0 0
839233 -82275 -99914 -528137 0 0 0
862609 -116210 -56274 -489074 0 0 0
888122 -120971 -6164 -443298 0 0 0
908813 -132812 41015 -393432 0 0 0
924621 -136291 88623 -344482 0 0 0
932189 -138122 132507 -307250 0 0 0
937683 -138793 171142 -268737 0 0 0
939331 -137695 202880 -239746 0 0 0
941955 -133056 224121 -211730 0 0 0
947509 -119934 234313 -181518 0 0 0
953308 -112487 230102 -160156 0 0 0
964111 -106567 197875 -141357 0 0 0
971008 -110595 157287 -142089 0 0 0
975769 -106506 122680 -146545 0 0 0
976440 -113037 93444 -158386 0 0 0
975036 -119445 79223 -169677 0 0 0
970703 -124938 74462 -191223 0 0 0
965820 -127075 68969 -215209 0 0 0
960144 -129272 67260 -238403 0 0 0
952087 -138366 64819 -264831 0 0 0
947509 -139038 53100 -282959 0 0 0
938415 -131042 39978 -317138 0 0 0
928344 -127929 41931 -346557 0 0 0
918029 -118896 45288 -375549 0 0 0
912292 -113586 43640 -390991 0 0 0
907959 -117065 41931 -400207 0 0 0
898376 -120666 40588 -420410 0 0 0
885437 -125305 41320 -445617 0 0 0
874572 -126159 23803 -467590 0 0 0
860107 -130187 6652 -493225 0 0 0
841735 -150634 -18005 -518188 0 0 0
833129 -159484 -41564 -527954 0 0 0
825317 -164123 -53833 -537597 0 0 0
809814 -173767 -66040 -556396 0 0 0
790954 -185974 -81054 -577331 0 0 0
772155 -195068 -94665 -597290 0 0 0
751464 -203186 -113281 -617370 0 0 0
725341 -206176 -134582 -642822 0 0 0
701293 -205932 -149475 -665893 0 0 0
678833 -203369 -164672 -686035 0 0 0
659362 -201660 -178833 -701843 0 0 0
640991 -207214 -190734 -714050 0 0 0
626098 -215515 -200805 -721984 0 0 0
614257 -225646 -214294 -725158 0 0 0
606506 -239013 -228759 -723022 0 0 0
605285 -246276 -239807 -717956 0 0 0
606018 -255737 -250244 -710449 0 0 0
611389 -268127 -255554 -699279 0 0 0
624145 -280090 -256408 -682861 0 0 0
641662 -302368 -249633 -659179 0 0 0
657409 -334167 -240661 -631103 0 0 0
679809 -364135 -216491 -598632 0 0 0
704345 -376403 -189208 -571350 0 0 0
733398 -402160 -149719 -527221 0 0 0
760253 -418334 -111206 -484436 0 0 0
780761 -437988 -77209 -438903 0 0 0
787902 -457763 -55664 -408142 0 0 0
785278 -488586 -39428 -378234 0 0 0
779296 -509399 -36621 -363159 0 0 0
773193 -525817 -42358 -351928 0 0 0
767761 -538513 -55969 -342773 0 0 0
755920 -555419 -80749 -336975 0 0 0
740722 -570922 -105041 -338195 0 0 0
730285 -576416 -126342 -344238 0 0 0
720336 -580505 -150024 -348754 0 0 0
711059 -580688 -169738 -358276 0 0 0
706237 -571105 -185913 -374755 0 0 0
739563 -493469 -182434 -419799 0 0 0
757690 -445739 -164794 -447265 0 0 0
766662 -408081 -153503 -471313 0 0 0
769592 -375122 -144897 -496032 0 0 0
777709 -333984 -132019 -515930 0 0 0
779785 -306945 -122863 -531616 0 0 0
783081 -282104 -111938 -542846 0 0 0
788269 -264465 -102111 -546142 0 0 0
804626 -230590 -78430 -541503 0 0 0
817993 -211059 -59692 -531738 0 0 0
833068 -195678 -40405 -515869 0 0 0
847045 -188964 -31127 -495788 0 0 0
863098 -183288 -32287 -469482 0 0 0
875061 -174316 -36560 -450012 0 0 0
885498 -161132 -37780 -434082 0 0 0
892211 -151000 -41503 -423584 0 0 0
900207 -134277 -46081 -411682 0 0 0
906494 -133911 -47851 -397583 0 0 0
912109 -135925 -45349 -384094 0 0 0
917053 -132995 -36010 -374145 0 0 0
922912 -131225 -26245 -361084 0 0 0
927307 -126586 -16235 -351867 0 0 0
931457 -120300 -7141 -343383 0 0 0
936828 -99304 1647 -335327 0 0 0
941650 -82275 13671 -326049 0 0 0
944641 -73364 30517 -319030 0 0 0
946044 -70434 32287 -314697 0 0 0
945922 -70129 49560 -312866 0 0 0
943847 -75378 74035 -312988 0 0 0
938476 -83068 99731 -319946 0 0 0
924987 -112121 135375 -336853 0 0 0
918518 -125000 145446 -345764 0 0 0
916015 -127807 139770 -353576 0 0 0
915283 -128906 129882 -358886 0 0 0
913574 -129943 126586 -364013 0 0 0
910461 -135314 129150 -368896 0 0 0
907836 -137634 130432 -373962 0 0 0
902954 -142456 131225 -383605 0 0 0
899780 -138183 129394 -393127 0 0 0
893310 -136352 133850 -406799 0 0 0
881347 -140808 157043 -422851 0 0 0
863586 -138366 185607 -447937 0 0 0
846191 -128662 193298 -479614 0 0 0
839477 -87707 171813 -508056 0 0 0
838012 -45288 160827 -519470 0 0 0
839599 -1708 146484 -523132 0 0 0
843688 23925 122985 -521972 0 0 0
846130 37841 120849 -517700 0 0 0
846435 18737 125244 -517150 0 0 0
848632 19165 115356 -515930 0 0 0
849975 12207 110595 -514892 0 0 0
851440 5371 106079 -513549 0 0 0
853759 -5554 95397 -511779 0 0 0
857666 -34790 63903 -509033 0 0 0
861145 -82519 15197 -501403 0 0 0
858642 -83129 7873 -505737 0 0 0
857055 -86914 6042 -507812 0 0 0
856750 -82824 7446 -508972 0 0 0
855651 -84289 7507 -510620 0 0 0
854248 -83984 7873 -513000 0 0 0
854309 -80200 8117 -513488 0 0 0
852661 -80749 9826 -516052 0 0 0
850708 -75500 10925 -520080 0 0 0
847412 -71350 13916 -525939 0 0 0
843627 -68359 21484 -532104 0 0 0
836914 -69885 27099 -542114 0 0 0
829711 -72326 28564 -552734 0 0 0
823608 -71838 27893 -561889 0 0 0
816955 -64208 23254 -572631 0 0 0
803100 -62377 12145 -592407 0 0 0
775390 -57495 -3295 -628845 0 0 0
749816 -48767 -2014 -659851 0 0 0
746337 -13793 35461 -664489 0 0 0
737915 -18005 58837 -672119 0 0 0
735351 -9094 66711 -674316 0 0 0
738159 2807 63537 -671630 0 0 0
742492 9094 56091 -667419 0 0 0
750427 10864 54138 -658630 0 0 0
762817 14770 55725 -644043 0 0 0
778686 22338 58593 -624267 0 0 0
798889 25451 65124 -597412 0 0 0
828979 20507 65734 -555053 0 0 0
869018 3173 61889 -490905 0 0 0
900634 -20263 51086 -431091 0 0 0
907714 -27770 39794 -416809 0 0 0
897705 -37536 39184 -437255 0 0 0
885009 -40466 42602 -461914 0 0 0
879150 -35156 41809 -473388 0 0 0
869323 -32592 41809 -491394 0 0 0
862060 -24230 34606 -505065 0 0 0
855163 -16784 28625 -517272 0 0 0
843627 -15930 22583 -536254 0 0 0
832946 -17517 18981 -552734 0 0 0
820190 -17700 20996 -571472 0 0 0
809082 -22705 21911 -586792 0 0 0
795715 -19958 27893 -604736 0 0 0
769226 -26611 40344 -637207 0 0 0
740173 -20385 52429 -670043 0 0 0
700744 -41259 58288 -709838 0 0 0
675354 -22766 72143 -733581 0 0 0
650451 -29724 74096 -755310 0 0 0
635742 -25329 75134 -767822 0 0 0
625305 -24719 72265 -776611 0 0 0
625854 -23864 79772 -775451 0 0 0
623962 -12512 96069 -775451 0 0 0
601257 -13061 107788 -791626 0 0 0
561462 -21606 110290 -819824 0 0 0
510864 -28442 105773 -852661 0 0 0
491088 -29296 113098 -863220 0 0 0
490539 -21301 121093 -862670 0 0 0
519409 -17822 120239 -845825 0 0 0
565002 -24414 117919 -816223 0 0 0
616149 -38635 105896 -779541 0 0 0
652587 -43823 92102 -750793 0 0 0
672180 -49926 78613 -734497 0 0 0
682006 -57556 60363 -726562 0 0 0
686462 -52978 28930 -724670 0 0 0
694946 -63842 11474 -716125 0 0 0
700744 -63049 16784 -710449 0 0 0
706176 -45349 10375 -706543 0 0 0
718994 -35583 1770 -694091 0 0 0
745483 -14953 -19104 -666076 0 0 0
764160 -13916 -19592 -644592 0 0 0
763610 -13916 -19592 -645263 0 0 0
763122 -13854 -19470 -645813 0 0 0
768432 -13732 -19409 -639526 0 0 0
769348 -13488 -19409 -638366 0 0 0
769409 -13122 -19104 -638366 0 0 0
769409 -12817 -18859 -638366 0 0 0
769409 -12512 -18554 -638366 0 0 0
769409 -12207 -18310 -638366 0 0 0
769409 -11962 -18066 -638366 0 0 0
769409 -11718 -17883 -638366 0 0 0
769409 -11474 -17700 -638366 0 0 0
769409 -11291 -17517 -638366 0 0 0
769470 -11047 -17333 -638366 0 0 0
769470 -10925 -17211 -638366 0 0 0
769470 -10925 -17211 -638366 0 0 0
769470 -10925 -17211 -638366 0 0 0
769470 -10925 -17211 -638366 0 0 0
769470 -10681 -17089 -638366 0 0 0
769470 -10559 -16723 -638366 0 0 0
